source,target,weight
0,3,48.21
0,1,47.5
1,0,47.5
1,4,51.85
1,2,54.48
2,1,54.48
2,5,46.66
3,0,48.21
3,6,54.58
3,4,51.52
4,1,51.85
4,3,51.52
4,7,47.16
4,5,47.82
5,2,46.66
5,4,47.82
5,8,52.45
6,3,54.58
6,7,49.15
7,4,47.16
7,6,49.15
7,8,52.15
8,5,52.45
8,7,52.15
